66
-0.161905   0.708571
-0.161905   0.708571
-0.161905   0.780952
-0.160714   0.712381
-0.161905   0.780952
-0.15119   0.780952
-0.15119   0.779048
-0.146429   0.771429
-0.15119   0.780952
-0.145238   0.773333
-0.145238   0.773333
-0.146429   0.767619
-0.146429   0.767619
-0.14881   0.758095
-0.14881   0.758095
-0.14881   0.758095
-0.152381   0.75619
-0.152381   0.75619
-0.160714   0.752381
-0.15   0.761905
-0.159524   0.752381
-0.145238   0.725714
-0.119048   0.782857
-0.119048   0.782857
-0.135714   0.782857
-0.135714   0.782857
-0.115476   0.784762
-0.136905   0.786667
-0.136905   0.788571
-0.138095   0.721905
-0.138095   0.721905
-0.119048   0.727619
-0.138095   0.752381
-0.122619   0.750476
-0.104762   0.725714
-0.10119   0.790476
-0.10119   0.790476
-0.0928571   0.784762
-0.0928571   0.784762
-0.0892857   0.775238
-0.0892857   0.775238
-0.0892857   0.765714
-0.0892857   0.765714
-0.0892857   0.765714
-0.102381   0.75619
-0.0904762   0.767619
-0.077381   0.786667
-0.0738095   0.725714
-0.0738095   0.725714
-0.0738095   0.725714
-0.0583333   0.727619
-0.0607143   0.727619
-0.0738095   0.731429
-0.0547619   0.729524
-0.0464286   0.729524
-0.0309524   0.788571
-0.0309524   0.788571
-0.0190476   0.735238
-0.0392857   0.75619
-0.025   0.758095
0.00357143   0.729524
0.00119048   0.754286
0.00119048   0.754286
-0.0107143   0.779048
0.00238095   0.75619
0.0119048   0.775238
