36
-0.161905   0.782857
-0.161905   0.714286
-0.164286   0.748571
-0.142857   0.779048
-0.163095   0.748571
-0.140476   0.71619
-0.127381   0.780952
-0.10119   0.780952
-0.128571   0.714286
-0.102381   0.718095
-0.114286   0.72
-0.114286   0.780952
-0.0869048   0.71619
-0.075   0.780952
-0.075   0.780952
-0.0630952   0.72
-0.0630952   0.72
-0.0535714   0.775238
-0.0238095   0.779048
-0.0309524   0.771429
-0.0321429   0.771429
-0.0380952   0.75619
-0.0380952   0.75619
-0.0404762   0.740952
-0.0404762   0.740952
-0.0369048   0.721905
-0.0369048   0.721905
-0.0261905   0.718095
-0.0261905   0.718095
-0.0166667   0.725714
-0.0166667   0.725714
-0.0107143   0.742857
-0.0107143   0.742857
-0.0261905   0.746667
-0.025   0.779048
-0.0119048   0.782857
