34
-0.127381   0.790476
-0.140476   0.782857
-0.140476   0.782857
-0.144048   0.771429
-0.144048   0.771429
-0.139286   0.758095
-0.139286   0.758095
-0.132143   0.750476
-0.132143   0.750476
-0.127381   0.740952
-0.127381   0.740952
-0.130952   0.727619
-0.130952   0.727619
-0.139286   0.721905
-0.139286   0.721905
-0.14881   0.727619
-0.117857   0.721905
-0.0952381   0.780952
-0.0952381   0.780952
-0.0845238   0.721905
-0.107143   0.744762
-0.0916667   0.746667
-0.0666667   0.779048
-0.052381   0.729524
-0.052381   0.729524
-0.0357143   0.773333
0.00833333   0.775238
-0.0142857   0.773333
-0.0142857   0.773333
-0.0142857   0.725714
-0.0142857   0.725714
0.00357143   0.725714
-0.0142857   0.748571
0   0.748571
