34
-0.14881   0.708571
-0.14881   0.790476
-0.14881   0.790476
-0.129762   0.777143
-0.129762   0.777143
-0.12381   0.75619
-0.12381   0.75619
-0.130952   0.739048
-0.130952   0.739048
-0.14881   0.739048
-0.14881   0.739048
-0.121429   0.710476
-0.0619048   0.786667
-0.1   0.786667
-0.1   0.786667
-0.1   0.786667
-0.0988095   0.712381
-0.0988095   0.790476
-0.1   0.714286
-0.0654762   0.718095
-0.0988095   0.746667
-0.0654762   0.746667
-0.0369048   0.794286
-0.0357143   0.708571
-0.0345238   0.792381
-0.0214286   0.782857
-0.0214286   0.782857
-0.0107143   0.767619
-0.0107143   0.767619
-0.00952381   0.746667
-0.00952381   0.746667
-0.0166667   0.727619
-0.0166667   0.727619
-0.0380952   0.710476
