75
-0.169048   0.794286
-0.15119   0.714286
-0.15119   0.714286
-0.128571   0.784762
-0.128571   0.784762
-0.117857   0.712381
-0.117857   0.712381
-0.0988095   0.788571
-0.0869048   0.786667
-0.0869048   0.786667
-0.0392857   0.786667
-0.0880952   0.786667
-0.0666667   0.788571
-0.0654762   0.714286
-0.0892857   0.71619
-0.0452381   0.72
-0.0214286   0.714286
-0.0202381   0.786667
-0.0202381   0.786667
0.00952381   0.72
0.00952381   0.72
0.0107143   0.788571
0.047619   0.792381
0.0357143   0.788571
0.0357143   0.788571
0.025   0.773333
0.025   0.773333
0.025   0.771429
0.022619   0.76
0.025   0.775238
0.022619   0.76
0.0285714   0.750476
0.0285714   0.750476
0.0285714   0.750476
0.0416667   0.742857
0.027381   0.752381
0.0392857   0.744762
0.0452381   0.740952
0.0452381   0.740952
0.0488095   0.739048
0.0535714   0.729524
0.0535714   0.729524
0.047619   0.740952
0.05   0.727619
0.05   0.727619
0.0428571   0.721905
0.0428571   0.721905
0.0261905   0.710476
0.075   0.796191
0.075   0.737143
0.0726191   0.71619
0.0726191   0.721905
0.0988095   0.792381
0.1   0.742857
0.097619   0.72381
0.1   0.729524
0.0964286   0.731429
0.0988095   0.729524
0.0952381   0.721905
0.1   0.725714
0.0714286   0.72381
0.0761905   0.721905
0.0761905   0.72
0.0726191   0.72
0.0738095   0.72
0.0738095   0.72
0.0726191   0.71619
0.0761905   0.72
0.0738095   0.718095
0.097619   0.725714
0.097619   0.729524
0.0952381   0.72381
0.097619   0.731429
0.1   0.725714
0.097619   0.725714
