42
-0.132143   0.790476
-0.132143   0.71619
-0.132143   0.71619
-0.110714   0.714286
-0.0761905   0.780952
-0.0880952   0.767619
-0.0880952   0.767619
-0.0892857   0.739048
-0.0892857   0.739048
-0.0845238   0.725714
-0.0845238   0.725714
-0.0738095   0.725714
-0.0738095   0.725714
-0.0654762   0.737143
-0.0654762   0.737143
-0.0690476   0.761905
-0.0666667   0.76381
-0.0761905   0.780952
-0.0464286   0.721905
-0.0297619   0.775238
-0.0297619   0.775238
-0.0178571   0.721905
-0.0392857   0.744762
-0.025   0.746667
0.00119048   0.779048
0.00238095   0.72381
0.00238095   0.777143
0.0142857   0.769524
0.0142857   0.769524
0.0214286   0.758095
0.0214286   0.758095
0.0190476   0.742857
0.0190476   0.739048
0.0142857   0.729524
0.0119048   0.731429
0.00238095   0.727619
0.0107143   0.729524
0.0142857   0.733333
0.0178571   0.735238
0.0190476   0.744762
-0.0678571   0.76381
-0.0666667   0.748571
