56
-0.15   0.786667
-0.163095   0.775238
-0.163095   0.775238
-0.170238   0.754286
-0.170238   0.754286
-0.172619   0.731429
-0.172619   0.731429
-0.161905   0.718095
-0.161905   0.718095
-0.14881   0.72381
-0.14881   0.72381
-0.140476   0.740952
-0.140476   0.740952
-0.140476   0.765714
-0.140476   0.765714
-0.14881   0.786667
-0.153571   0.746667
-0.142857   0.721905
-0.12381   0.780952
-0.121429   0.739048
-0.121429   0.739048
-0.116667   0.729524
-0.116667   0.729524
-0.108333   0.72381
-0.108333   0.72381
-0.1   0.731429
-0.1   0.733333
-0.0964286   0.737143
-0.0964286   0.737143
-0.0964286   0.779048
-0.0583333   0.779048
-0.0809524   0.780952
-0.0809524   0.780952
-0.0809524   0.721905
-0.0809524   0.721905
-0.0797619   0.721905
-0.0607143   0.727619
-0.0809524   0.72381
-0.0809524   0.750476
-0.0630952   0.752381
-0.0202381   0.782857
-0.0416667   0.782857
-0.0416667   0.782857
-0.0428571   0.72
-0.0428571   0.72
-0.0214286   0.72381
-0.0404762   0.750476
-0.0214286   0.750476
-0.0047619   0.721905
-0.00357143   0.782857
-0.00357143   0.782857
0.0178571   0.72381
0.0178571   0.72381
0.0178571   0.777143
-0.138095   0.710476
-0.146429   0.729524
