52
-0.169048   0.790476
-0.171429   0.718095
-0.170238   0.752381
-0.145238   0.790476
-0.170238   0.75619
-0.14881   0.721905
-0.129762   0.72
-0.129762   0.72381
-0.130952   0.790476
-0.132143   0.72381
-0.130952   0.788571
-0.110714   0.727619
-0.110714   0.727619
-0.110714   0.796191
-0.0607143   0.788571
-0.0928571   0.792381
-0.0654762   0.72
-0.0904762   0.718095
-0.0785714   0.792381
-0.0797619   0.721905
-0.00595238   0.780952
-0.00595238   0.779048
-0.0142857   0.792381
-0.00833333   0.784762
-0.0142857   0.794286
-0.0261905   0.794286
-0.027381   0.794286
-0.0369048   0.782857
-0.0369048   0.782857
-0.0416667   0.761905
-0.0416667   0.761905
-0.0404762   0.742857
-0.0404762   0.742857
-0.0357143   0.731429
-0.0357143   0.731429
-0.0261905   0.72
-0.0261905   0.72
-0.0142857   0.727619
-0.0142857   0.727619
-0.0107143   0.744762
-0.0107143   0.744762
-0.0285714   0.754286
0.00714286   0.794286
0.0107143   0.72
0.0392857   0.792381
0.0404762   0.72
0.0380952   0.758095
0.00714286   0.758095
0.0940476   0.790476
0.0607143   0.786667
0.0809524   0.790476
0.0797619   0.718095
