70
-0.171429   0.714286
-0.171429   0.784762
-0.171429   0.784762
-0.164286   0.779048
-0.164286   0.779048
-0.154762   0.775238
-0.154762   0.775238
-0.15119   0.765714
-0.15119   0.765714
-0.157143   0.748571
-0.157143   0.748571
-0.170238   0.744762
-0.170238   0.744762
-0.15119   0.718095
-0.12619   0.779048
-0.133333   0.775238
-0.133333   0.775238
-0.140476   0.761905
-0.140476   0.761905
-0.144048   0.744762
-0.144048   0.744762
-0.142857   0.744762
-0.138095   0.727619
-0.142857   0.746667
-0.138095   0.729524
-0.129762   0.721905
-0.129762   0.721905
-0.117857   0.729524
-0.117857   0.729524
-0.113095   0.748571
-0.114286   0.748571
-0.114286   0.748571
-0.116667   0.765714
-0.116667   0.765714
-0.12619   0.779048
-0.115476   0.750476
-0.0869048   0.786667
-0.0964286   0.777143
-0.0964286   0.777143
-0.102381   0.754286
-0.102381   0.754286
-0.0964286   0.739048
-0.0964286   0.739048
-0.0869048   0.733333
-0.0869048   0.731429
-0.0869048   0.731429
-0.075   0.744762
-0.0880952   0.737143
-0.075   0.748571
-0.077381   0.748571
-0.0702381   0.769524
-0.0726191   0.767619
-0.077381   0.744762
-0.0714286   0.769524
-0.0714286   0.769524
-0.0797619   0.779048
-0.0797619   0.779048
-0.0880952   0.786667
-0.0571429   0.782857
-0.0559524   0.72381
-0.0559524   0.754286
-0.0392857   0.775238
-0.0392857   0.773333
-0.0559524   0.754286
-0.0428571   0.731429
-0.0559524   0.754286
-0.0428571   0.733333
-0.0369048   0.72381
-0.115476   0.744762
-0.116667   0.75619
