48
-0.161905   0.714286
-0.161905   0.782857
-0.161905   0.782857
-0.15119   0.777143
-0.15119   0.777143
-0.147619   0.76381
-0.147619   0.76381
-0.15   0.754286
-0.15   0.754286
-0.163095   0.750476
-0.138095   0.779048
-0.136905   0.72
-0.136905   0.72
-0.120238   0.72381
-0.110714   0.721905
-0.0928571   0.773333
-0.0928571   0.773333
-0.0845238   0.72381
-0.10119   0.744762
-0.0892857   0.744762
-0.0619048   0.721905
-0.0619048   0.75619
-0.0619048   0.75619
-0.0726191   0.773333
-0.0619048   0.75619
-0.0535714   0.773333
-0.0214286   0.773333
-0.0440476   0.771429
-0.0440476   0.771429
-0.0440476   0.771429
-0.0440476   0.721905
-0.0440476   0.771429
-0.0452381   0.725714
-0.025   0.725714
-0.0440476   0.748571
-0.0285714   0.750476
-0.00833333   0.727619
-0.00833333   0.779048
-0.00833333   0.779048
-0.00119048   0.773333
-0.00119048   0.773333
0.00357143   0.76381
0.00357143   0.76381
0.00119048   0.75619
0.00119048   0.75619
-0.00714286   0.754286
-0.00714286   0.754286
0.00238095   0.727619
