64
-0.157143   0.794286
-0.159524   0.712381
-0.158333   0.796191
-0.147619   0.790476
-0.147619   0.790476
-0.135714   0.777143
-0.135714   0.777143
-0.138095   0.76381
-0.138095   0.76381
-0.15   0.752381
-0.15   0.752381
-0.160714   0.752381
-0.160714   0.752381
-0.147619   0.748571
-0.147619   0.748571
-0.140476   0.740952
-0.140476   0.740952
-0.141667   0.727619
-0.142857   0.727619
-0.15119   0.71619
-0.15119   0.71619
-0.160714   0.714286
-0.159524   0.718095
-0.159524   0.718095
-0.125   0.790476
-0.127381   0.71619
-0.127381   0.71619
-0.127381   0.71619
-0.104762   0.71619
-0.127381   0.718095
-0.0964286   0.72
-0.0761905   0.782857
-0.0761905   0.782857
-0.0642857   0.718095
-0.0714286   0.746667
-0.0714286   0.746667
-0.0892857   0.752381
-0.0702381   0.748571
-0.0166667   0.784762
-0.0285714   0.782857
-0.0285714   0.782857
-0.0440476   0.769524
-0.0440476   0.769524
-0.0440476   0.769524
-0.0488095   0.75619
-0.0488095   0.75619
-0.0428571   0.773333
-0.052381   0.758095
-0.052381   0.758095
-0.0535714   0.740952
-0.0535714   0.740952
-0.0488095   0.725714
-0.0488095   0.725714
-0.0488095   0.725714
-0.0380952   0.718095
-0.0511905   0.727619
-0.0404762   0.718095
-0.025   0.72
0   0.788571
-0.00238095   0.71619
-0.00238095   0.746667
0.027381   0.784762
-0.00119048   0.750476
0.025   0.718095
