24
-0.119048   0.71619
-0.120238   0.779048
-0.120238   0.779048
-0.0964286   0.718095
-0.0964286   0.718095
-0.0964286   0.779048
-0.0535714   0.777143
-0.0785714   0.777143
-0.0785714   0.777143
-0.0785714   0.72
-0.0785714   0.72
-0.0785714   0.71619
-0.0785714   0.71619
-0.0547619   0.72
-0.0547619   0.746667
-0.0797619   0.746667
-0.0380952   0.780952
-0.0190476   0.71619
-0.0190476   0.71619
-0.00595238   0.775238
-0.00595238   0.775238
0.00833333   0.718095
0.00833333   0.718095
0.0202381   0.771429
