34
-0.147619   0.710476
-0.15   0.780952
-0.15   0.780952
-0.135714   0.775238
-0.135714   0.775238
-0.127381   0.758095
-0.127381   0.758095
-0.127381   0.758095
-0.132143   0.742857
-0.128571   0.761905
-0.133333   0.744762
-0.133333   0.744762
-0.146429   0.737143
-0.133333   0.744762
-0.12381   0.714286
-0.109524   0.782857
-0.109524   0.782857
-0.0940476   0.714286
-0.119048   0.742857
-0.10119   0.740952
-0.0916667   0.780952
-0.075   0.718095
-0.075   0.718095
-0.0619048   0.773333
-0.0619048   0.773333
-0.05   0.712381
-0.05   0.712381
-0.0345238   0.771429
-0.0238095   0.712381
-0.0238095   0.775238
-0.0238095   0.775238
-0.0047619   0.714286
-0.0047619   0.714286
-0.00357143   0.767619
