96
-0.172619   0.71619
-0.17381   0.788571
-0.17381   0.788571
-0.160714   0.779048
-0.160714   0.779048
-0.158333   0.76381
-0.158333   0.76381
-0.163095   0.746667
-0.163095   0.746667
-0.17381   0.744762
-0.17381   0.744762
-0.163095   0.739048
-0.163095   0.739048
-0.161905   0.729524
-0.161905   0.729524
-0.165476   0.72
-0.165476   0.72
-0.172619   0.71619
-0.113095   0.786667
-0.140476   0.784762
-0.129762   0.786667
-0.130952   0.71619
-0.145238   0.718095
-0.122619   0.72
-0.125   0.72
-0.117857   0.718095
-0.0761905   0.782857
-0.0833333   0.786667
-0.0857143   0.786667
-0.0928571   0.784762
-0.0928571   0.784762
-0.0964286   0.777143
-0.0964286   0.777143
-0.097619   0.761905
-0.097619   0.761905
-0.0904762   0.752381
-0.0904762   0.752381
-0.0892857   0.752381
-0.0821429   0.744762
-0.0821429   0.744762
-0.0892857   0.752381
-0.0821429   0.746667
-0.0821429   0.746667
-0.0785714   0.735238
-0.0785714   0.735238
-0.0821429   0.727619
-0.0821429   0.727619
-0.0904762   0.718095
-0.0904762   0.718095
-0.1   0.721905
-0.0583333   0.784762
-0.0607143   0.72
-0.0345238   0.782857
-0.0345238   0.780952
-0.0345238   0.779048
-0.0369048   0.718095
-0.0357143   0.752381
-0.0595238   0.752381
0.0047619   0.782857
-0.0047619   0.777143
-0.0047619   0.777143
-0.0142857   0.761905
-0.0142857   0.761905
-0.0166667   0.746667
-0.0166667   0.746667
-0.0142857   0.727619
-0.0142857   0.727619
-0.00595238   0.718095
-0.00595238   0.718095
0.00714286   0.72381
0.00714286   0.72381
0.0154762   0.737143
0.0130952   0.737143
0.0130952   0.737143
0.0166667   0.75619
0.0154762   0.742857
0.0142857   0.740952
0.0154762   0.746667
0.0166667   0.752381
0.0130952   0.765714
0.0130952   0.765714
0.00952381   0.775238
0.00833333   0.775238
0.00238095   0.782857
0.00357143   0.780952
0.00952381   0.771429
0.0321429   0.714286
0.0333333   0.782857
0.0333333   0.782857
0.0416667   0.777143
0.0416667   0.777143
0.0464286   0.76381
0.0464286   0.76381
0.0464286   0.748571
0.0464286   0.748571
0.0345238   0.740952
